2021	1891	26.3	1075	2370	71.89	1.76	0.8	40.87	90.09	01.01.2021
2020.75	1883	23.72	872	2309	79.38	2.16	0.82	36.75	97.32	01.10.2020
2020.5	1770	17.84	810	1914	99.2	2.19	0.92	45.4	107.3	01.07.2020
2020.266	1662	15.17	736	2180	109.56	2.26	0.76	48.52	143.7	10.04.2020
2020.009	1523	17.82	971	1919	85.43	1.57	0.79	54.48	107.69	02.01.2020
2019.766	1503	17.78	887	1659	84.57	1.7	0.91	49.88	93.31	10.10.2019
2019.51	1393	14.98	806	1543	93	1.73	0.9	53.81	102.99	10.07.2019
2019.253	1292	15.114	852	1431	85.48	1.52	0.9	56.34	94.68	02.04.2019
2019.002778	1285	15.52	794	1266	82.77	1.6188	1.0151	51.13	81.54	02.01.2019
2018.75	1188	14.5	828	1056	81.96	1.4355	1.125	57.1	72.86	01.10.2018
2018.502778	1242	15.86	813	934	78.31	1.5269	1.3292	51.29	58.92	02.07.2018
2018.252778	1336	16.64	937	928	80.31	1.427	1.4409	56.28	55.74	02.04.2018
2018.002778	1318	17.19	948	1087	76.65	1.3902	1.2118	55.14	63.25	02.01.2018
2017.752778	1271	16.59	917	911	76.62	1.3868	1.3949	55.25	54.93	02.10.2017
2017.505556	1220	16.14	906	842	75.62	1.3469	1.4488	56.14	52.19	03.07.2017
2017.255556	1253	18.26	958	803	68.64	1.308	1.5617	52.48	43.95	03.04.2017
2017.005556	1159	16.29	944	710	71.15	1.2275	1.6326	57.96	43.58	03.01.2017
2016.755556	1312	18.83	1009	712	69.67	1.3001	1.8432	53.59	37.8	03.10.2016
2016.5	1342	19.76	1057	606	67.93	1.2698	2.2163	53.5	30.65	01.07.2016
2016.25	1223	15.05	955	561	81.23	1.2798	2.1795	63.47	37.27	01.04.2016
2016.008333	1074	13.87	885	544	77.45	1.2145	1.9739	63.77	39.24	04.01.2016
2015.75	1111	14.32	905	679	77.57	1.2271	1.635	63.21	47.44	01.10.2015
2015.5	1169	15.46	1088	701	75.64	1.075	1.6677	70.36	45.36	01.07.2015
2015.25	1183	16.41	1166	749	72.11	1.0149	1.5803	71.05	45.63	01.04.2015
2015.002778	1183	15.64	1204	795	75.62	0.9824	1.488	76.98	50.82	02.01.2015
2014.75	1204	16.8	1290	785	71.64	0.9332	1.534	76.76	46.7	01.10.2014
2014.5	1328	20.85	1515	855	63.69	0.8765	1.5538	72.66	40.99	01.07.2014
2014.25	1283	19.62	1430	782	65.4	0.8975	1.6409	72.86	39.85	01.04.2014
2014.002778	1222	19.81	1405	730	61.7	0.8702	1.6738	70.9	36.86	02.01.2014
2013.75	1332	21.68	1385	719	61.44	0.9615	1.8528	63.9	33.16	01.10.2013
2013.5	1242	19.73	1383	687	62.95	0.8983	1.8085	70.07	34.8	01.07.2013
2013.25	1596	28.68	1599	784	55.65	0.9982	2.0358	55.75	27.33	01.04.2013
2013.002778	1679	30.48	1568	708	55.1	1.071	2.3721	51.44	23.23	02.01.2013
2012.752778	1776	34.6	1687	654	51.34	1.0528	2.7153	48.76	18.91	02.10.2012
2012.502778	1594	27.26	1458	578	58.48	1.0931	2.7579	53.5	21.2	02.07.2012
2012.252778	1670	32.33	1655	659	51.65	1.009	2.5346	51.19	20.38	02.04.2012
2012.005556	1586	28.22	1433	664	56.22	1.1074	2.3909	50.76	23.51	03.01.2012
2011.755556	1652	30.69	1517	594	53.83	1.089	2.7825	49.43	19.35	03.10.2011
2011.5	1497	34.47	1717	757	43.41	0.8717	1.9757	49.81	21.97	01.07.2011
2011.25	1431	37.54	1777	775	38.12	0.8053	1.8463	47.33	20.65	01.04.2011
2011.008333	1412	30.62	1747	769	46.13	0.8083	1.8365	57.07	25.12	04.01.2011
2010.75	1308	21.73	1682	575	60.21	0.7779	2.276	77.41	26.46	01.10.2010
2010.5	1241	18.52	1507	429	67	0.8235	2.892	81.36	23.17	01.07.2010
2010.25	1112	17.48	1676	491	63.6	0.6635	2.2626	95.86	28.11	01.04.2010
2010.008333	1105	16.9	1524	421	65.36	0.7248	2.621	90.17	24.93	04.01.2010
2009.75	1005	16.51	1289	293	60.85	0.7792	3.4293	78.09	17.74	01.10.2009
2009.5	927	13.46	1205	255	68.84	0.7689	3.6359	89.53	18.93	01.07.2009
2009.25	917	12.77	1144	222	71.79	0.8015	4.1372	89.57	17.35	01.04.2009
2009.002778	882	11.17	947	192	78.97	0.9318	4.5871	84.75	17.22	02.01.2009
2008.75	876	12.12	1043	211	72.31	0.8401	4.1543	86.06	17.41	01.10.2008
2008.5	924	17.26	2089	472	53.53	0.4423	1.9572	121.01	27.35	01.07.2008
2008.25	917	17.12	1938	449	53.56	0.4732	2.0439	113.19	26.2	01.04.2008
2008.002778	835	14.67	1546	380	56.93	0.5402	2.1985	105.39	25.9	02.01.2008
2007.75	743	13.72	1401	363	54.18	0.5305	2.0505	102.13	26.42	01.10.2007
2007.502778	650	12.4	1295	371	52.44	0.5021	1.7509	104.44	29.95	02.07.2007
2007.252778	664	13.34	1249	354	49.74	0.5312	1.8759	93.63	26.51	02.04.2007
2007.002778	638	12.97	1144	339	49.17	0.5573	1.884	88.23	26.1	02.01.2007
2006.752778	597	11.36	1159	314	52.59	0.5154	1.9016	102.04	27.65	02.10.2006
2006.511111	627	11.25	1249	328	55.74	0.5022	1.9136	110.99	29.13	05.07.2006
2006.255556	585	11.58	1089	346	50.48	0.5367	1.6875	94.05	29.91	03.04.2006
2006.005556	519	8.91	982	270	58.3	0.5291	1.9225	110.19	30.33	03.01.2006
2005.755556	472	7.46	928	197	63.33	0.5092	2.3964	124.37	26.43	03.10.2005
2005.5	434	6.99	871	179	62.12	0.4986	2.4257	124.59	25.61	01.07.2005
2005.25	427	7.09	863	202	60.25	0.4951	2.1164	121.69	28.47	01.04.2005
2005.005556	438	6.75	854	179	64.84	0.5128	2.4453	126.44	26.52	03.01.2005
2004.75	419	6.89	860	223	60.77	0.4866	1.8793	124.88	32.34	01.10.2004
2004.5	394	5.8	778	215	67.92	0.5066	1.8323	134.07	37.07	01.07.2004
2004.25	425	7.86	910	301	54.13	0.4674	1.4125	115.81	38.32	01.04.2004
2004.011111	417	5.94	834	205	70.12	0.4997	2.0337	140.32	34.48	05.01.2004
2003.75	385	5.08	707	214	75.73	0.5443	1.7993	139.13	42.09	01.10.2003
2003.5	348	4.55	663	189	76.57	0.5259	1.8458	145.6	41.48	01.07.2003
2003.25	337	4.43	628	181	76.07	0.5365	1.8583	141.78	40.94	01.04.2003
2003.002778	347	4.73	600	240	73.26	0.5775	1.445	126.85	50.7	02.01.2003
2002.75	323	4.53	562	319	71.24	0.5741	1.0132	124.08	70.31	01.10.2002
2002.5	313	4.79	526	320	65.43	0.5963	0.9794	109.73	66.81	01.07.2002
2002.25	302	4.65	522	391	64.96	0.579	0.7732	112.19	84.01	01.04.2002
2002.002778	278	4.57	477	439	60.9	0.5841	0.6339	104.27	96.06	02.01.2002
2001.75	291	4.61	411	325	63.15	0.7091	0.8956	89.05	70.51	01.10.2001
2001.502778	270	4.28	549	602	63.17	0.4922	0.4495	128.34	140.54	02.07.2001
2001.252778	258	4.29	538	725	60.21	0.4803	0.3561	125.36	169.08	02.04.2001
2001.002778	273	4.57	609	969	59.66	0.4478	0.2815	133.24	211.93	02.01.2001
2000.752778	274	4.85	560	717	56.41	0.489	0.3816	115.36	147.84	02.10.2000
2000.511111	287	4.99	518	626	57.52	0.5536	0.4588	103.89	125.36	05.07.2000
2000.255556	278	5.01	490	582	55.56	0.5684	0.4783	97.74	116.17	03.04.2000
2000.008333	288	5.35	414	442	53.76	0.6952	0.6508	77.33	82.6	04.01.2000
1999.75	301	5.6	394	377	53.74	0.7642	0.7988	70.32	67.28	01.10.1999
1999.5	262	5.26	351	322	49.9	0.7477	0.8163	66.73	61.12	01.07.1999
1999.25	280	4.97	362	354	56.32	0.7732	0.791	72.84	71.2	01.04.1999
1999.008333	288	5.03	367	339	57.32	0.786	0.8493	72.92	67.49	04.01.1999
1998.75	296	5.35	353	285	55.37	0.8383	1.0413	66.06	53.18	01.10.1998
1998.5	297	5.51	370	291	53.9	0.8038	1.0222	67.06	52.73	01.07.1998
1998.25	301	6.49	405	261	46.35	0.7436	1.1547	62.33	40.14	01.04.1998
1998.002778	289	5.95	366	203	48.49	0.7883	1.4215	61.51	34.11	02.01.1998
1997.75	334	5.21	429	193	64.03	0.7783	1.7312	82.26	36.99	01.10.1997
1997.5	334	4.63	412	176	72.07	0.8101	1.8928	88.96	38.08	01.07.1997
1997.25	351	5.06	376	152	69.37	0.933	2.3145	74.35	29.97	01.04.1997
1997.002778	368	4.77	371	123	77.11	0.9911	2.9842	77.8	25.84	02.01.1997
1996.75	378	4.86	387	121	77.85	0.9769	3.1398	79.69	24.79	01.10.1996
1996.5	380	5.03	397	136	75.63	0.9587	2.8032	78.89	26.98	01.07.1996
1996.25	395	5.52	410	143	71.57	0.9628	2.7674	74.33	25.86	01.04.1996
1996.002778	387	5.17	408	133	74.85	0.9478	2.9043	78.97	25.77	02.01.1996
1995.752778	383	5.48	410	141	69.95	0.935	2.7217	74.82	25.7	02.10.1995
1995.511111	385	5.07	433	159	75.86	0.889	2.4234	85.33	31.3	05.07.1995
1995.255556	392	5.3	446	175	73.93	0.8784	2.2353	84.17	33.08	03.04.1995
1995.005556	383	4.9	416	161	78.17	0.9212	2.3836	84.86	32.8	03.01.1995
1994.755556	395	5.61	424	153	70.38	0.9321	2.5765	75.51	27.32	03.10.1994
1994.5	386	5.38	416	146	71.78	0.929	2.6425	77.27	27.17	01.07.1994
1994.258333	391	5.76	419	136	67.93	0.9349	2.8747	72.66	23.63	04.04.1994
1994.005556	391	5.09	400	125	76.72	0.9763	3.1178	78.59	24.61	03.01.1994
1993.75	355	4.07	361	125	87.27	0.9834	2.8371	88.75	30.76	01.10.1993
1993.5	377	4.55	397	140	82.89	0.9512	2.6901	87.14	30.81	01.07.1993
1993.25	337	3.86	364	112	87.29	0.9265	3.022	94.22	28.89	01.04.1993
1993.008333	339	3.81	353	107	88.98	0.9612	3.1742	92.57	28.03	04.01.1993
1992.75	348	3.75	364	94	92.88	0.9582	3.7172	96.93	24.99	01.10.1992
1992.5	343	4.04	388	83	84.95	0.8836	4.1499	96.14	20.47	01.07.1992
1992.25	343	4.14	360	85	82.96	0.9543	4.0406	86.93	20.53	01.04.1992
1992.002778	354	3.96	339	81	89.41	1.0456	4.3818	85.51	20.4	02.01.1992
1991.75	354	4.14	360	84	85.47	0.9843	4.2377	86.84	20.17	01.10.1991
1991.5	369	4.47	387	98	82.61	0.9541	3.7736	86.58	21.89	01.07.1991
1991.25	359	3.95	397	93	90.89	0.9	3.86	100.53	23.54	01.04.1991
1991.003	389	4.13	414	82	94.1	0.94	4.75	100.12	19.79	02.01.1991
1990.75	389	4.67	433	96	83.2	0.9	4.04	92.63	20.61	01.10.1990
1990.503	358	4.95	495	117	72.34	0.72	3.07	99.9	23.57	02.07.1990
1990.253	371	4.97	478	129	74.56	0.78	2.87	96.2	26.02	02.04.1990
1990.003	399	5.19	482	136	76.97	0.83	2.94	92.91	26.15	02.01.1990
1989.753	366	5.22	501	143	70.17	0.73	2.57	95.88	27.31	02.10.1989
1989.506	377	5.23	505	157	72.08	0.75	2.4	96.56	30.04	03.07.1989
1989.256	385	5.79	531	162	66.58	0.73	2.38	91.66	27.92	03.04.1989
1989.003	409	5.88	516	129	69.62	0.79	3.17	87.72	21.94	02.01.1989
1988.756	397	6.22	505	119	63.88	0.79	3.35	81.25	19.05	03.10.1988
1988.5	437	6.7	568	125	65.23	0.77	3.5	84.81	18.64	01.07.1988
1988.258	455	6.41	548	126	71.05	0.83	3.61	85.41	19.67	04.04.1988
1988.008	481	6.47	503	121	74.31	0.96	3.97	77.67	18.72	04.01.1988
1987.75	453	7.54	575	133	60.14	0.79	3.42	76.27	17.59	01.10.1987
1987.5	447	7.21	566	141	61.98	0.79	3.17	78.45	19.56	01.07.1987
1987.25	417	6.23	566	129	66.93	0.74	3.25	90.79	20.63	01.04.1987
1987.003	403	5.45	477	118	73.96	0.84	3.41	87.6	21.72	02.01.1987
1986.75	423	5.18	561	138	81.65	0.75	3.06	108.36	26.66	01.10.1986
1986.5	342	5.13	425	110	66.66	0.8	3.12	82.81	21.38	01.07.1986
1986.25	333	5.12	402	99	65.06	0.83	3.35	78.48	19.42	01.04.1986
1986.003	327	5.73	347	96	56.98	0.94	3.4	60.56	16.75	02.01.1986
1985.75	323	6.03	313	101	53.48	1.03	3.21	51.89	16.68	01.10.1985
1985.5	314	6.04	251	91	51.97	1.25	3.43	41.59	15.13	01.07.1985
1985.25	321	6.52	271	111	49.25	1.18	2.9	41.58	16.98	01.04.1985
1985.003	306	6.15	279	116	49.67	1.09	2.65	45.4	18.78	02.01.1985
1984.75	345	7.5	329	136	46.05	1.05	2.54	43.89	18.13	01.10.1984
1984.503	370	8.3	379	148	44.58	0.98	2.5	45.66	17.81	02.07.1984
1984.253	387	9.62	394	159	40.25	0.98	2.44	40.98	16.5	02.04.1984
1984.006	383	8.58	388	159	44.64	0.99	2.41	45.2	18.51	03.01.1984
1983.756	389	10.33	393	132	37.66	0.99	2.96	38.08	12.73	03.10.1983
1983.5	416	11.62	439	139	35.82	0.95	3	37.75	11.95	01.07.1983
1983.258	417	10.8	413	103	38.61	1.01	4.04	38.26	9.56	04.04.1983
1983.006	452	10.95	403	102	41.28	1.12	4.43	36.83	9.32	03.01.1983
1982.75	402	8.16	298	58	49.28	1.35	6.99	36.49	7.05	01.10.1982
1982.5	310	6.22	276	55	49.85	1.13	5.59	44.27	8.91	01.07.1982
1982.25	327	7.42	320	69	44.09	1.02	4.75	43.17	9.28	01.04.1982
1982	401	8.51	382	69	47.1	1.05	5.79	44.86	8.14	01.01.1982
1981.75	437	9.97	421	82	43.82	1.04	5.36	42.26	8.18	01.10.1981
1981.5	422	9.08	417	82	46.48	1.01	5.12	45.94	9.07	01.07.1981
1981.25	514	13.07	521	116	39.36	0.99	4.43	39.84	8.88	01.04.1981
1981	586	16.86	604	143	34.77	0.97	4.1	35.83	8.48	01.01.1981
1980.75	682	21.62	720	214	31.54	0.95	3.19	33.29	9.9	01.10.1980
1980.5	660	17.33	718	197	38.08	0.92	3.35	41.44	11.36	01.07.1980
1980.25	510	13.83	555	174	36.83	0.92	2.93	40.12	12.58	01.04.1980
1980	512	32.43	733	183	15.79	0.7	2.79	22.59	5.65	01.01.1980
1979.75	399	13.71	430	165	29.12	0.93	2.42	31.37	12.01	01.10.1979
1979.5	278	8.62	428	125	32.19	0.65	2.23	49.7	14.45	01.07.1979
1979.25	241	7.6	373	95	31.64	0.65	2.54	49.05	12.43	01.04.1979
1979.003	226	6	336	72	37.68	0.67	3.16	55.97	11.92	02.01.1979
1978.75	218	5.61	281	67	38.84	0.78	3.23	50.09	12.01	01.10.1978
1978.503	183	5.33	249	60	34.39	0.73	3.06	46.79	11.24	02.07.1978
1978.253	180	5.39	234	60	33.43	0.77	3.02	43.4	11.08	02.04.1978
1978.003	166	4.66	192	54	35.58	0.86	3.09	41.16	11.5	02.01.1978
1977.753	153	4.44	151	43	34.55	1.01	3.58	34.05	9.66	02.10.1977
1977.505	143	4.44	149	44	32.18	0.96	3.23	33.58	9.95	03.07.1977
1977.255	149	4.74	167	55	31.39	0.89	2.69	35.3	11.67	03.04.1977
1977.005	135	4.26	150	51	31.57	0.9	2.65	35.26	11.9	03.01.1977
1976.755	116	4.18	164	50	27.8	0.71	2.31	39.11	12.03	03.10.1976
1976.5	124	4.87	173	51	25.44	0.72	2.45	35.54	10.37	01.07.1976
1976.25	130	4.19	137	51	31.1	0.95	2.56	32.6	12.12	01.04.1976
1976.008	140	4.05	148	51	34.62	0.95	2.74	36.44	12.62	04.01.1976
1975.75	138	4.47	155	58	30.89	0.89	2.37	34.59	13.02	01.10.1975
1975.5	165	4.66	149	69	35.49	1.11	2.41	32	14.7	01.07.1975
1975.25	177	4.32	153	79	41.02	1.16	2.25	35.39	18.22	01.04.1975
1975.003	195	4.13	180	89	47.24	1.08	2.19	43.66	21.53	02.01.1975
1974.75	149	4	179	99	37.28	0.83	1.5	44.65	24.85	01.10.1974
1974.5	144	4.46	203	110	32.33	0.71	1.31	45.61	24.62	01.07.1974
1974.25	174	5.36	213	120	32.37	0.81	1.44	39.81	22.44	01.04.1974
1974.003	112	3.18	161	129	35.22	0.7	0.87	50.5	40.69	02.01.1974
1973.75	101	2.68	167	117	37.8	0.61	0.87	62.35	43.62	01.10.1973
1973.5	122	2.69	162	105	45.24	0.75	1.16	60.3	38.85	01.07.1973
1973.253	89	2.31	140	92	38.7	0.64	0.97	60.69	39.91	02.04.1973
1973.003	65	1.96	147	80	33.01	0.44	0.81	74.9	40.71	02.01.1973
1972.753	64	1.73	143	68	37.05	0.45	0.95	82.37	39.19	02.10.1972
1972.503	64	1.6	136	59	40.06	0.47	1.09	84.88	36.69	02.07.1972
1972.253	48	1.55	104	50	31.23	0.47	0.98	66.9	31.94	02.04.1972
1972.005	44	1.4	110	42	31.14	0.4	1.04	78.29	30	03.01.1972
1971.755	43	1.38	116	41	30.87	0.37	1.04	83.99	29.64	03.10.1971
1971.5	40	1.59	109	40	25.16	0.37	1.01	68.81	24.97	01.07.1971
1971.25	39	1.65	106	39	23.52	0.37	1.01	64.06	23.39	01.04.1971
1971.008	37	1.59	123	38	23.52	0.3	1	77.36	23.58	04.01.1971
1970.75	36	1.75	135	37	20.69	0.27	0.98	77.03	21.2	01.10.1970
1970.5	36	1.61	151	37	22.05	0.24	0.95	93.48	23.17	01.07.1970
1970.25	35	1.89	189	38	18.68	0.19	0.94	99.84	19.89	01.04.1970
1970.008	35	1.74	165	38	20.23	0.21	0.93	94.54	21.72	04.01.1970
1969.75	41	1.82	166	38	22.42	0.25	1.06	91.26	21.1	01.10.1969
1969.5	41	1.82	160	40	22.58	0.26	1.04	87.69	21.7	01.07.1969
1969.25	43	1.82	240	41	23.85	0.18	1.07	132.09	22.25	01.04.1969
1969.003	42	1.97	253	42	21.22	0.17	1	128.38	21.12	02.01.1969
1968.75	41	1.97	264	42	20.56	0.15	0.96	133.81	21.47	01.10.1968
1968.5	41	1.97	260	43	20.76	0.16	0.95	131.78	21.83	01.07.1968
1968.25	38	1.97	232	44	19.14	0.16	0.86	117.56	22.23	01.04.1968
1968.003	37	2.05	253	45	17.9	0.15	0.82	123.32	21.71	02.01.1968
1967.753	36	2.06	215	43	17.33	0.17	0.83	104.56	20.92	02.10.1967
1967.503	35	2.06	177	41	16.89	0.2	0.84	86.07	20.1	02.07.1967
1967.253	35	2.06	139	40	16.89	0.25	0.88	67.57	19.22	02.04.1967
1967.003	35	1.3	111	38	26.77	0.31	0.92	85.23	29.23	02.01.1967
1966.755	35	1.3	108	37	26.85	0.32	0.94	82.92	28.54	03.10.1966
1966.511	35	1.3	105	36	26.85	0.33	0.97	80.69	27.77	05.07.1966
1966.255	35	1.3	102	35	26.85	0.34	0.99	78.31	27	03.04.1966
1966.005	35	1.3	100	34	26.85	0.35	1.02	76.54	26.23	03.01.1966
1965.755	35	1.3	100	34	26.92	0.35	1.04	76.54	26	03.10.1965
1965.5	35	1.3	100	34	26.92	0.35	1.04	76.54	25.77	01.07.1965
1965.25	35	1.3	100	33	26.92	0.35	1.05	76.54	25.62	01.04.1965
1965.003	35	1.3	99	33	26.85	0.35	1.06	76.38	25.38	02.01.1965
1964.75	35	1.3	97	33	26.85	0.36	1.07	74.62	25.08	01.10.1964
1964.5	35	1.3	95	32	26.85	0.37	1.09	72.92	24.62	01.07.1964
1964.25	35	1.3	93	32	26.85	0.38	1.11	71.15	24.23	01.04.1964
1964.011	35	1.3	90	31	26.85	0.39	1.13	69.46	23.77	05.01.1964
1963.75	35	1.3	88	30	26.92	0.4	1.17	67.69	22.92	01.10.1963
1963.5	35	1.3	86	28	26.92	0.41	1.24	65.92	21.77	01.07.1963
1963.25	35	1.3	84	27	26.92	0.42	1.3	64.23	20.69	01.04.1963
1963.003	35	1.2	82	26	29.25	0.43	1.38	68.25	21.25	02.01.1963
1962.75	35	1.2	82	25	29.25	0.43	1.4	68.42	20.83	01.10.1962
1962.5	35	1.2	82	25	29.25	0.43	1.4	68.5	20.83	01.07.1962
1962.25	35	1.2	82	25	29.25	0.43	1.4	68.67	20.83	01.04.1962
1962.003	35	1.2	83	25	29.25	0.43	1.4	68.75	20.83	02.01.1962
1961.75	35	1.04	83	25	33.65	0.42	1.4	79.33	24.04	01.10.1961
1961.503	35	1.04	83	25	33.65	0.42	1.4	79.33	24.04	02.07.1961
1961.253	35	1.04	83	25	33.65	0.42	1.4	79.33	24.04	02.04.1961
1961.003	35	1	83	25	35.1	0.43	1.4	82.5	25	02.01.1961
1960.755	35	0.99	83	25	35.45	0.43	1.4	83.33	25.25	03.10.1960
1960.511	35	0.98	83	25	35.82	0.43	1.4	84.18	25.51	05.07.1960
1960.255	35	0.96	83	25	36.56	0.43	1.4	85.94	26.04	03.04.1960
1960.008	35	0.95	82	25	36.95	0.43	1.42	86.74	26	04.01.1960
1959.75	35	0.95	80	23	36.95	0.44	1.51	83.79	24.42	01.10.1959
1959.5	35	0.94	77	22	37.34	0.46	1.62	81.91	23.09	01.07.1959
1959.25	35	0.94	74	20	37.34	0.47	1.73	79.04	21.6	01.04.1959
1959.008	35	0.94	72	19	37.34	0.49	1.85	76.91	20.21	04.01.1959
1958.75	35	0.94	71	19	37.34	0.5	1.9	75.21	19.68	01.10.1958
1958.5	35	0.92	69	18	38.15	0.51	1.95	75.22	19.57	01.07.1958
1958.25	35	0.9	68	18	39	0.52	1.99	75.22	19.56	01.04.1958
1958.003	35	0.88	66	17	39.77	0.53	2.05	75.34	19.43	02.01.1958
1957.75	35	0.88	72	19	39.66	0.48	1.89	82.16	21.02	01.10.1957
1957.5	35	0.88	78	20	39.66	0.45	1.74	88.86	22.84	01.07.1957
1957.25	35	0.88	84	22	39.66	0.41	1.61	95.57	24.66	01.04.1957
1957.003	35	0.88	90	23	39.66	0.39	1.5	101.7	26.48	02.01.1957
1956.75	35	0.89	94	24	39.33	0.37	1.46	105.06	26.85	01.10.1956
1956.5	35	0.9	98	24	38.89	0.36	1.46	108.44	26.56	01.07.1956
1956.25	35	0.92	102	24	38.04	0.34	1.46	110.43	25.98	01.04.1956
1956.003	35	0.93	104	24	37.53	0.34	1.46	111.72	25.7	02.01.1956
1955.755	35	0.93	101	24	37.53	0.34	1.49	108.92	25.27	03.10.1955
1955.511	35	0.91	99	23	38.35	0.35	1.52	108.35	25.27	05.07.1955
1955.255	35	0.89	96	23	39.21	0.36	1.54	107.64	25.39	03.04.1955
1955.005	35	0.88	94	22	39.77	0.37	1.58	106.93	25.11	03.01.1955
1954.753	35	0.88	93	22	39.89	0.38	1.61	105.23	24.77	02.10.1954
1954.5	35	0.88	91	22	39.89	0.39	1.63	103.41	24.43	01.07.1954
1954.253	35	0.88	90	21	39.89	0.39	1.66	101.82	24.09	02.04.1954
1954.008	35	0.88	89	21	39.89	0.4	1.67	100.57	23.86	04.01.1954
1953.75	35	0.88	90	22	39.89	0.39	1.62	101.93	24.66	01.10.1953
1953.5	35	0.88	91	22	39.89	0.39	1.57	103.3	25.34	01.07.1953
1953.25	35	0.88	92	23	39.89	0.38	1.53	104.66	26.02	01.04.1953
1953.008	35	0.88	93	24	39.77	0.38	1.48	105.91	26.82	04.01.1953
1952.75	35	0.86	93	24	40.58	0.37	1.46	108.37	27.79	01.10.1952
1952.5	35	0.85	93	24	41.06	0.37	1.46	109.65	28.12	01.07.1952
1952.25	35	0.84	93	24	41.55	0.37	1.46	110.95	28.45	01.04.1952
1952.003	35	0.83	93	24	42.05	0.37	1.46	112.29	28.8	02.01.1952
1951.75	35	0.82	93	24	42.68	0.38	1.46	113.66	29.15	01.10.1951
1951.5	35	0.84	93	24	41.67	0.38	1.46	110.95	28.45	01.07.1951
1951.25	35	0.86	93	24	40.7	0.38	1.46	108.37	27.79	01.04.1951
1951.003	35	0.87	92	24	40.23	0.38	1.46	105.4	27.47	02.01.1951
1950.75	35	0.87	88	24	40.23	0.4	1.46	100.69	27.47	01.10.1950
1950.503	35	0.85	84	24	41.18	0.42	1.46	98.47	28.12	02.07.1950
1950.253	35	0.84	80	24	41.55	0.44	1.46	94.88	28.45	02.04.1950
1950.003	35	0.83	76	24	41.93	0.46	1.46	91.45	28.8	02.01.1950
1949.753	35	0.82	76	24	42.44	0.46	1.46	92.32	29.15	02.10.1949
1949.505	35	0.8	76	24	43.38	0.46	1.45	94.38	29.88	03.07.1949
1949.255	35	0.78	75	24	44.62	0.46	1.46	96.54	30.64	03.04.1949
1949.003	35	0.77	75	24	45.32	0.46	1.46	97.53	31.04	02.01.1949
1948.755	35	0.75	79	24	46.53	0.44	1.46	105.07	31.87	03.10.1948
1948.5	35	0.73	83	24	47.95	0.42	1.46	113.97	32.74	01.07.1948
1948.258	35	0.71	87	24	49.15	0.4	1.46	122.96	33.66	04.04.1948
1948.008	35	0.71	92	24	49.15	0.38	1.46	128.87	33.66	04.01.1948
1947.75	35	0.72	84	24	48.33	0.42	1.46	116.39	33.19	01.10.1947
1947.5	35	0.73	76	24	47.53	0.46	1.45	104.38	32.74	01.07.1947
1947.25	35	0.74	69	24	46.89	0.51	1.45	92.7	32.3	01.04.1947
1947.003	35	0.75	62	24	46.27	0.56	1.45	82.4	31.87	02.01.1947
1946.75	35	0.78	60	24	44.49	0.58	1.45	76.41	30.64	01.10.1946
1946.5	35	0.81	57	24	42.84	0.61	1.45	70.74	29.51	01.07.1946
1946.25	35	0.85	55	24	40.82	0.63	1.45	64.82	28.12	01.04.1946
1946.003	35	0.87	53	24	39.89	0.66	1.45	60.8	27.47	02.01.1946
1945.75	35	0.83	49	24	41.81	0.72	1.45	58.43	28.8	01.10.1945
1945.5	35	0.8	44	24	43.38	0.79	1.45	55.13	29.88	01.07.1945
1945.25	35	0.76	40	24	45.39	0.87	1.44	52.24	31.45	01.04.1945
1945.003	34	0.73	35	24	46.99	0.97	1.44	48.36	32.74	02.01.1945
1944.75	34	0.68	35	24	50.15	0.98	1.43	51.32	35.15	01.10.1944
1944.503	34	0.61	35	24	55.57	0.97	1.42	57.21	39.18	02.07.1944
1944.253	34	0.54	35	24	62.78	0.97	1.42	64.63	44.26	02.04.1944
1944.005	34	0.47	35	24	72.13	0.97	1.42	74.26	50.85	03.01.1944
1943.755	34	0.47	35	24	72.13	0.97	1.42	74.26	50.85	03.10.1943
1943.5	34	0.47	35	24	72.13	0.97	1.42	74.26	50.85	01.07.1943
1943.258	34	0.47	35	24	72.13	0.97	1.42	74.26	50.85	04.04.1943
1943.005	34	0.47	35	24	72.13	0.97	1.42	74.26	50.85	03.01.1943
1942.75	34	0.47	35	24	72.13	0.97	1.42	74.68	50.85	01.10.1942
1942.5	34	0.47	35	24	72.13	0.96	1.42	75.32	50.85	01.07.1942
1942.25	34	0.47	36	24	72.13	0.95	1.42	75.74	50.85	01.04.1942
1942	34	0.47	36	24	72.13	0.95	1.42	76.17	50.85	01.01.1942
1941.75	34	0.45	36	24	75.33	0.95	1.42	79.56	53.11	01.10.1941
1941.5	34	0.42	36	24	80.48	0.94	1.41	85.24	56.9	01.07.1941
1941.25	33	0.4	36	24	83.5	0.93	1.4	89.5	59.75	01.04.1941
1941	33	0.37	36	24	89.19	0.92	1.38	96.76	64.59	01.01.1941
1940.75	33	0.35	36	24	93.14	0.91	1.36	102.29	68.29	01.10.1940
1940.5	32	0.35	36	24	92	0.9	1.35	102.57	68.29	01.07.1940
1940.25	33	0.35	36	24	93.43	0.91	1.37	102.57	68.29	01.04.1940
1940	33	0.35	36	24	94.86	0.92	1.39	102.57	68	01.01.1940
1939.75	34	0.35	36	24	96.29	0.94	1.43	102.57	67.43	01.10.1939
1939.5	34	0.35	36	23	97.71	0.95	1.46	102.57	66.86	01.07.1939
1939.253	34	0.35	36	23	98.29	0.96	1.48	102.57	66.29	02.04.1939
1939.25	34	0.35	36	23	98.29	0.96	1.48	102.57	66.29	01.04.1939
1939.003	35	0.36	36	23	95.83	0.96	1.5	99.44	63.89	02.01.1939
1938.75	35	0.37	35	23	93.78	0.98	1.52	95.41	61.89	01.10.1938
1938.503	35	0.38	35	23	91.84	1	1.52	91.84	60.26	02.07.1938
1938.253	35	0.39	34	23	89.23	1.01	1.52	88.21	58.72	02.04.1938
1938.003	35	0.4	35	23	87	1.01	1.52	86.25	57.25	02.01.1938
1937.753	35	0.41	38	23	84.88	0.93	1.52	91.71	55.85	02.10.1937
1937.505	35	0.41	41	23	84.88	0.86	1.52	99.02	55.85	03.07.1937
1937.255	35	0.41	44	23	84.88	0.8	1.52	106.59	55.85	03.04.1937
1937.005	35	0.41	46	23	84.88	0.75	1.52	112.93	55.85	03.01.1937
1936.755	35	0.42	45	23	82.86	0.77	1.52	107.38	54.52	03.10.1936
1936.5	35	0.44	44	23	79.32	0.79	1.52	99.77	52.05	01.07.1936
1936.25	35	0.45	43	23	77.56	0.82	1.53	95.11	50.67	01.04.1936
1936.008	35	0.46	42	23	75.65	0.84	1.53	90.43	49.57	04.01.1936
1935.75	35	0.48	40	23	72.5	0.88	1.53	82.29	47.5	01.10.1935
1935.5	35	0.52	37	23	66.92	0.93	1.53	71.92	43.85	01.07.1935
1935.25	35	0.55	35	23	63.27	0.99	1.53	64.18	41.45	01.04.1935
1935.003	35	0.58	33	23	60	1.05	1.53	57.24	39.31	02.01.1935
1934.75	35	0.57	33	23	60.88	1.04	1.52	58.42	40	01.10.1934
1934.5	35	0.56	34	23	61.61	1.03	1.51	59.82	40.71	01.07.1934
1934.25	32	0.55	34	23	58.91	0.96	1.42	61.45	41.45	01.04.1934
1934.003	30	0.54	34	23	56.3	0.89	1.33	62.96	42.22	02.01.1934
1933.75	28	0.52	33	22	54.42	0.85	1.3	63.85	41.92	01.10.1933
1933.5	26	0.48	33	21	54.79	0.81	1.28	67.71	42.92	01.07.1933
1933.253	25	0.45	32	19	55.33	0.79	1.28	70.44	43.11	02.04.1933
1933.003	24	0.41	31	18	57.32	0.76	1.29	75.61	44.39	02.01.1933
1932.753	22	0.38	31	18	57.89	0.7	1.22	82.37	47.37	02.10.1932
1932.503	21	0.34	32	18	60.88	0.66	1.15	92.65	52.94	02.07.1932
1932.253	20	0.3	32	18	67.67	0.64	1.13	106	60	02.04.1932
1932.005	20	0.27	32	18	74.07	0.63	1.11	118.52	66.67	03.01.1932
1931.755	20	0.23	32	18	85.22	0.61	1.09	139.57	78.26	03.10.1931
1931.5	19	0.25	32	18	77.2	0.6	1.07	128.4	72	01.07.1931
1931.25	20	0.27	32	18	72.96	0.61	1.09	119.26	66.67	01.04.1931
1931.008	20	0.29	32	18	68.97	0.62	1.11	111.03	62.07	04.01.1931
1930.75	20	0.31	35	19	65.81	0.58	1.05	113.23	62.58	01.10.1930
1930.5	21	0.32	38	21	64.69	0.54	0.99	119.06	65.31	01.07.1930
1930.25	21	0.34	41	22	60.88	0.5	0.92	120.88	65.88	01.04.1930
1930.008	21	0.36	44	24	57.5	0.47	0.87	122.22	66.39	04.01.1930
1929.75	21	0.39	49	27	53.08	0.42	0.78	126.15	68.46	01.10.1929
1929.5	21	0.41	56	31	50.49	0.37	0.67	135.37	75.37	01.07.1929
1929.25	21	0.43	62	35	48.14	0.33	0.59	143.95	81.63	01.04.1929
1929.003	21	0.46	68	39	45	0.3	0.53	147.83	85.22	02.01.1929
1928.75	21	0.49	71	41	42.24	0.29	0.51	144.08	83.47	01.10.1928
1928.5	21	0.52	73	42	39.81	0.28	0.49	140.58	81.54	01.07.1928
1928.25	21	0.56	76	44	36.96	0.27	0.47	135.18	78.21	01.04.1928
1928.003	21	0.58	78	45	35.69	0.26	0.46	134.83	78.1	02.01.1928
1927.753	21	0.58	80	48	35.69	0.26	0.43	137.59	82.93	02.10.1927
1927.503	21	0.58	82	51	35.69	0.25	0.41	140.52	88.1	02.07.1927
1927.253	21	0.58	83	54	35.69	0.25	0.38	143.45	93.45	02.04.1927
1927.003	21	0.58	85	57	35.69	0.24	0.36	146.38	98.62	02.01.1927
1926.755	21	0.58	92	60	35.69	0.23	0.34	158.45	104.14	03.10.1926
1926.511	21	0.56	99	64	36.96	0.21	0.33	176.61	113.39	05.07.1926
1926.255	21	0.54	106	67	38.15	0.19	0.31	196.85	123.89	03.04.1926
1926.005	21	0.53	113	70	38.87	0.18	0.29	213.02	131.89	03.01.1926
1925.755	21	0.57	114	72	36.14	0.18	0.29	200.53	126.67	03.10.1925
1925.5	21	0.6	116	74	34.17	0.18	0.28	193	124	01.07.1925
1925.25	21	0.64	117	77	32.19	0.18	0.27	183.13	119.84	01.04.1925
1925.003	21	0.67	119	79	30.75	0.17	0.26	176.87	117.76	02.01.1925
1924.75	21	0.7	118	82	29.57	0.17	0.25	169.14	117.71	01.10.1924
1924.5	21	0.7	118	86	29.57	0.18	0.24	168.86	123	01.07.1924
1924.25	21	0.7	118	90	29.57	0.18	0.23	168.43	128.29	01.04.1924
1924.011	21	0.7	118	93	29.57	0.18	0.22	168	133.29	05.01.1924
1923.75	21	0.69	117	85	30	0.18	0.24	170.14	123.48	01.10.1923
1923.5	21	0.68	117	77	30.44	0.18	0.27	172.21	113.82	01.07.1923
1923.25	21	0.67	117	70	30.9	0.18	0.3	174.33	104.03	01.04.1923
1923.003	21	0.65	117	62	31.85	0.18	0.33	179.38	95.38	02.01.1923
1922.75	21	0.64	112	60	32.34	0.18	0.34	175.47	94.06	01.10.1922
1922.5	21	0.64	108	60	32.5	0.19	0.35	167.97	94.06	01.07.1922
1922.25	21	0.64	103	60	32.34	0.2	0.34	160.31	94.06	01.04.1922
1922.003	21	0.64	98	60	32.34	0.21	0.34	152.66	93.91	02.01.1922
1921.75	21	0.64	92	60	32.19	0.22	0.35	143.44	93.28	01.10.1921
1921.503	21	0.64	86	59	32.19	0.24	0.35	134.53	92.81	02.07.1921
1921.253	21	0.64	80	59	32.19	0.26	0.35	125.47	92.19	02.04.1921
1921.003	21	0.64	78	59	32.19	0.26	0.35	122.03	91.56	02.01.1921
1920.755	21	0.64	87	70	32.03	0.24	0.29	135.63	108.91	03.10.1920
1920.511	21	0.64	95	82	32.03	0.21	0.25	149.06	127.66	05.07.1920
1920.255	20	0.64	104	94	31.88	0.2	0.22	163.13	147.19	03.04.1920
1920.008	20	0.64	110	106	31.56	0.18	0.19	172.5	166.09	04.01.1920
1919.75	20	0.78	112	113	25.77	0.18	0.18	143.21	145.26	01.10.1919
1919.5	20	1	113	119	20	0.18	0.17	112.9	119.2	01.07.1919
1919.25	20	1.21	114	125	16.53	0.18	0.16	94.3	103.47	01.04.1919
1919.008	20	1.32	115	130	15.23	0.17	0.16	87.35	98.18	04.01.1919
1918.75	20	1.25	113	131	16.16	0.18	0.15	90.16	104.72	01.10.1918
1918.5	20	1.17	110	132	17.26	0.18	0.15	94.27	112.91	01.07.1918
1918.25	20	1.1	108	133	18.36	0.19	0.15	98	121.18	01.04.1918
1918.003	20	1.03	106	134	19.61	0.19	0.15	102.52	130.39	02.01.1918
1917.75	20	0.98	105	128	20.61	0.19	0.16	107.14	130.82	01.10.1917
1917.5	20	0.94	104	122	21.49	0.19	0.17	110.96	130	01.07.1917
1917.25	20	0.9	104	116	22.44	0.19	0.17	115.22	129.11	01.04.1917
1917.003	20	0.87	103	110	23.33	0.2	0.18	117.82	126.67	02.01.1917
1916.75	20	0.85	98	100	23.88	0.21	0.2	114.82	117.29	01.10.1916
1916.5	20	0.82	93	88	24.76	0.22	0.23	113.05	107.44	01.07.1916
1916.25	20	0.8	88	76	25.38	0.23	0.27	109.75	95.5	01.04.1916
1916.003	20	0.78	83	67	26.03	0.25	0.31	105.77	85.26	02.01.1916
1915.755	20	0.74	74	64	27.3	0.27	0.32	99.86	86.35	03.10.1915
1915.511	20	0.69	65	62	29.42	0.31	0.33	94.78	89.13	05.07.1915
1915.255	20	0.64	56	59	31.88	0.36	0.35	88.13	92.03	03.04.1915
1915.005	21	0.58	48	56	35.52	0.43	0.37	82.24	97.07	03.01.1915
1914.753	21	0.57	46	53	36.49	0.45	0.39	81.4	93.33	02.10.1914
1914.5	21	0.56	46	50	37.32	0.46	0.42	81.79	89.46	01.07.1914
1914.253	21	0.55	45	47	38	0.46	0.44	82.36	85.45	02.04.1914
1914.008	21	0.54	45	44	38.52	0.47	0.47	82.78	82.04	04.01.1914
1913.75	21	0.53	45	46	39.25	0.47	0.46	84.34	86.04	01.10.1913
1913.5	21	0.55	45	47	37.82	0.47	0.44	81.27	85.45	01.07.1913
1913.25	21	0.56	45	48	37.14	0.47	0.43	79.82	86.25	01.04.1913
1913.008	21	0.58	45	50	35.86	0.47	0.42	77.07	85.52	04.01.1913
1912.75	21	0.59	45	51	35.25	0.47	0.41	75.76	86.44	01.10.1912
1912.5	21	0.61	45	52	34.1	0.47	0.4	73.28	85.9	01.07.1912
1912.25	21	0.62	45	54	33.55	0.47	0.39	72.1	86.61	01.04.1912
1912.003	21	0.63	45	55	32.86	0.46	0.38	70.95	87.3	02.01.1912
1911.75	21	0.64	44	55	32.34	0.47	0.38	69.38	86.09	01.10.1911
1911.5	21	0.63	44	55	32.86	0.47	0.38	69.68	87.46	01.07.1911
1911.25	21	0.61	44	55	33.93	0.48	0.38	71.31	90.49	01.04.1911
1911.003	21	0.59	43	55	35.08	0.48	0.38	72.88	93.56	02.01.1911
1910.75	21	0.57	41	55	36.32	0.51	0.38	71.75	96.84	01.10.1910
1910.503	21	0.55	39	55	37.64	0.54	0.38	70.18	100.36	02.07.1910
1910.253	21	0.54	36	55	38.33	0.57	0.38	67.41	102.22	02.04.1910
1910.003	21	0.53	34	55	39.06	0.61	0.38	64.34	104.15	02.01.1910
1909.753	21	0.53	32	55	38.87	0.65	0.37	60.19	104.15	02.10.1909
1909.505	21	0.53	30	55	38.87	0.69	0.37	56.04	104.15	03.07.1909
1909.255	21	0.53	27	55	38.87	0.75	0.37	51.7	104.15	03.04.1909
1909.003	21	0.53	25	55	38.87	0.82	0.37	47.55	104.15	02.01.1909
1908.755	21	0.52	24	55	39.62	0.85	0.37	46.35	106.15	03.10.1908
1908.5	21	0.5	23	55	41.2	0.89	0.37	46.2	110.4	01.07.1908
1908.258	21	0.48	22	55	42.92	0.94	0.37	45.83	115	04.04.1908
1908.008	21	0.47	21	55	43.83	0.98	0.37	44.68	117.45	04.01.1908
1907.75	21	0.48	23	55	42.71	0.91	0.37	47.08	115	01.10.1907
1907.5	21	0.49	24	55	41.84	0.84	0.37	49.59	112.45	01.07.1907
1907.25	21	0.51	26	55	40.2	0.79	0.37	50.98	108.04	01.04.1907
1907.003	21	0.52	28	55	39.42	0.74	0.37	53.08	105.96	02.01.1907
1906.75	21	0.55	28	55	37.27	0.73	0.37	50.73	100.18	01.10.1906
1906.5	21	0.6	28	55	34.17	0.73	0.37	46.5	91.83	01.07.1906
1906.25	21	0.65	28	55	31.54	0.73	0.37	42.92	84.77	01.04.1906
1906.003	21	0.7	28	55	29.29	0.74	0.37	39.57	78.71	02.01.1906
1905.75	21	0.69	25	55	29.71	0.82	0.37	36.09	79.86	01.10.1905
1905.5	20	0.68	22	55	30	0.92	0.37	32.65	81.03	01.07.1905
1905.25	20	0.66	19	55	30.91	1.05	0.37	29.39	83.48	01.04.1905
1905.003	20	0.65	18	55	31.38	1.17	0.37	26.92	84.77	02.01.1905
1904.75	20	0.64	18	55	31.88	1.11	0.37	28.59	86.09	01.10.1904
1904.503	20	0.62	19	55	32.9	1.06	0.37	30.97	88.87	02.07.1904
1904.253	20	0.6	20	55	34	1.02	0.37	33.33	91.83	02.04.1904
1904.005	20	0.59	21	55	34.58	0.98	0.37	35.25	93.39	03.01.1904
1903.755	20	0.58	20	55	35.17	1	0.37	35.17	95	03.10.1903
1903.5	20	0.58	20	55	35.17	1.03	0.37	34.14	95	01.07.1903
1903.258	20	0.58	19	55	35	1.05	0.37	33.45	95	04.04.1903
1903.005	20	0.58	19	55	35	1.07	0.37	32.76	95	03.01.1903
1902.75	20	0.58	19	55	35	1.06	0.37	33.1	95	01.10.1902
1902.5	20	0.55	20	55	36.91	1.04	0.37	35.45	100	01.07.1902
1902.25	20	0.51	20	55	39.8	1.03	0.37	38.82	107.84	01.04.1902
1902	20	0.48	20	55	42.29	1.02	0.37	41.67	114.58	01.01.1902
1901.75	20	0.49	20	55	41.43	1.01	0.37	41.02	112.24	01.10.1901
1901.5	20	0.53	20	55	38.3	1.01	0.37	37.92	103.77	01.07.1901
1901.25	20	0.57	20	55	35.61	1.01	0.37	35.26	96.49	01.04.1901
1901	20	0.59	20	55	34.24	1	0.37	34.07	93.22	01.01.1901
1900.75	20	0.6	20	55	33.67	1	0.37	33.5	91.67	01.10.1900
1900.5	20	0.62	20	55	32.58	1	0.37	32.42	88.71	01.07.1900
1900.25	20	0.63	20	55	32.06	1	0.37	31.9	87.3	01.04.1900
